version https://git-lfs.github.com/spec/v1
oid sha256:9b03f74f2598d8092d8c7b672f4bce694694d77b329b416981d077132f6dd95c
size 9661
