version https://git-lfs.github.com/spec/v1
oid sha256:5903cb11e283f646ff875cf48db592d3d404ba42bd93a8a40eeb771979f7e753
size 4118
